100
0 0
0 1000
1000 0
1000 1000
13.034028070063096 479.2879261245264
251.71692374592567 719.651154769315
472.18717098916875 600.1661435937746
584.4059135139746 733.36955020529
354.07348862119585 407.6466523647542
804.5414718773904 776.0293129509481
170.67614514967448 323.4267426908217
343.72381474455426 486.26638385507846
0.7820022695802368 128.30819104950845
219.64733633350895 735.839236562499
192.12421177278355 398.79485897670423
419.55568853150004 851.661564327962
473.5141958722812 945.6857950806804
452.6871866016927 390.24803089549
25.34207793576733 0.8104902681104321
133.15068740479347 597.5849619158455
537.4399086161268 49.71562347503859
823.4271017564149 654.0499356939583
605.082367706403 921.6290803703095
888.6631764121043 477.5781921988247
219.06342181755588 714.6246292762014
461.84841373862287 843.6812868468577
935.138270991626 876.6430760415536
93.41812671307527 145.16397405741247
32.26117666110977 583.4573726726626
522.3378226992982 508.3627022490163
669.6572346412596 532.167155427194
94.4059107470763 674.6066493880763
6.837157906155722 100.01239085203554
797.7269097018063 177.8865060649192
222.07226398610544 719.0099040043287
486.6444321528485 608.9871483787671
321.8057342743433 851.6703615949723
716.6765887526171 616.6622910422122
570.3177169124577 566.0575374151346
195.127490215287 978.4012499017223
454.9837370436292 300.79258954825116
582.3511788880403 730.3536744507818
591.5071074017634 246.9210749626898
925.2488292338825 858.4691089008826
340.3930990431753 557.3983162827205
716.0688556007058 766.6129091493949
674.9513616731176 833.7182668568059
98.57492421451842 440.6608302354139
226.4585625608997 427.7833558709909
120.94893639923254 461.9707024995541
590.3532288160557 50.11820067981641
218.79375681715845 23.65594713448206
857.4593900291813 457.1365687196533
634.9696590985194 393.8536668883769
133.91484264711502 447.26212760361926
521.7981886277296 500.3979351425391
175.80780501423072 386.2524489034856
877.295907399136 344.0779110359847
137.27199503372282 322.841315880431
898.7695293604357 657.7795973024326
200.26650793112492 37.64657694791755
906.5113109093605 491.9722046473299
104.78780086014562 382.65558456127127
285.322784394234 262.13939767316594
619.3211269544547 942.1195877264335
474.67407338990716 37.08014805984954
159.51112737625664 613.4148981667038
304.39215295622245 14.368305603117406
626.2830613950487 224.24425968042067
109.72978165740608 362.1194900192888
509.1058677791856 500.92184854834886
659.2025631818899 340.4159310822082
948.1614660375517 949.0967570725159
172.20916306138895 704.1719290074828
934.3839100169706 383.51862836699587
693.3445984084548 209.85154734038554
495.3572042713253 134.54844868406389
511.2250980360924 357.11463099890346
998.970093172366 737.9021440947287
523.6280873154258 942.4787760963646
571.9990864417126 841.6614111840846
581.3840457028035 289.49004685772456
28.370375446909467 926.4962398474323
461.48186927767625 102.21225400921358
549.5704376049853 248.76580800897588
17.13430112422225 433.81899165079176
269.88963174778723 977.7792570099634
813.0212468892593 324.07446288489245
129.54159879878318 11.750137929558097
249.3348813242809 187.3176973060655
552.9367257736006 29.913451492472
994.7050927922559 627.6244891168
141.65068196293922 824.0115731069192
589.5966734465949 667.880410160102
987.3248512811692 351.5102788583803
738.0137894245945 610.4997368574515
377.9148350865713 78.5144165968197
75.60326723522871 72.46486986537674
727.8505051990498 549.6275719995158
297.44018640717917 63.70630601389137
