100
83.30854574565194 741.7083265127947
393.8706561135786 680.9446311327268
798.2729647927994 275.3746870338829
833.0851209614985 2.05160677872529
165.52460172426987 453.7496762468637
526.895727965871 387.1530329371452
643.531075592081 766.0413068576735
640.77335184569 776.0963571086561
207.06920613590586 994.3552061047629
890.9934352195074 303.34036187756254
199.5947441399446 462.0055004914427
54.25005811272343 755.7056172819355
840.4987910691134 667.7888611209004
64.80643612151127 46.41643305688825
654.8474122025311 734.3575462104874
71.43132321932055 698.4070113146879
309.10728395229484 189.20269378292298
942.4051702872255 374.01539083341873
441.54107892146055 458.6643651212764
780.1923952491693 230.25291426158202
586.5579246608347 596.4553203435347
270.07742779037494 205.36709694655175
432.06701132393954 455.73591312191695
575.6740871036458 530.697174872526
818.3609738056986 395.53728821145893
390.03891668359927 831.0258528282775
365.8219526198894 586.5740461676351
955.0996511414869 166.99232395245056
152.49073178817596 406.08953222597256
123.12446119138387 524.6922162491185
701.3854502443377 465.71368643662515
473.8700649635509 947.9144692107383
125.18803645555909 973.1787295657052
462.4739751044593 643.4270641704596
56.18540436133013 793.7215543255055
240.78368218046785 985.6572417053625
186.3135782414085 884.8475664735915
382.6626279421208 372.6271211633051
419.34624659720834 869.8239702328794
360.3688708546007 597.4221642208232
467.1922129008868 295.2448372490336
246.78913196593643 740.5223397861677
987.5619885271572 528.3346063921967
218.96434002232002 800.7779663772442
332.4864270325355 847.7300813805622
921.7235140889356 113.70675324365031
877.9298748843297 439.7038217248841
406.1447915028439 558.5641597942831
926.3226711103786 494.4906139619992
845.0951861941669 324.50901853433277
214.20689479293742 575.2341461788533
699.294629754343 487.7576459377703
678.2421011093583 803.3553133349163
295.3420668636763 584.5205555938926
240.04218976515645 339.3614408611002
139.85832371213536 359.5483321693799
425.275902347761 707.4301438955787
845.6490259779463 654.7133787094153
38.914321390772 588.5437925298793
985.451629535989 302.5041331394107
648.3402380177907 435.6895655899834
343.6571425336249 210.57257719330357
54.33950651511432 640.5820165033714
771.718072045025 66.47695036607281
920.176993089662 99.63048055119195
275.5494045298481 8.31771662867531
544.6865562567948 363.611499971097
455.95651651715553 644.9911108276325
62.8385371355592 640.8492764388778
501.2874640399275 649.9794993072012
118.94659260786811 562.1900733168407
132.2464865302131 818.8122492656722
924.8219656536897 435.26675372723156
870.0419237715565 327.3572430038646
941.3606300820585 642.382587412869
986.1323359201469 991.3619220724809
885.7090512174158 140.72326244939947
6.279985392261489 198.267369118333
821.4119632777525 104.66375231843905
805.6050346907844 593.431579583727
102.85269454848 202.88094997647045
543.9145505887914 384.81362828541575
596.1708552647607 829.5062718153414
0.7823096851589106 154.60467006342026
214.13280418951564 822.0915576882471
26.381862271381173 206.9991711197523
626.2429689310825 835.9046804684275
160.22400276351257 375.60817149656845
264.0952935720515 40.715183666116594
985.8271920123191 971.8972940357505
135.30066342401736 868.4137463055124
116.0842782812611 308.828224454567
127.82402737566711 113.21799425806489
207.38837260717102 306.4977627788701
770.0953746211976 892.4772589980182
988.31301290623 336.6733238753502
228.75695166876875 161.4861295986779
34.84121026461828 353.6834848600401
724.8958975909038 450.6365674960553
151.13843172595742 459.7239863426372
