100
1000.0 500.0
999.0133642141358 531.3952597646567
996.0573506572389 562.6666167821521
991.1436253643444 593.6906572928623
984.2915805643156 624.3449435824274
975.5282581475767 654.5084971874737
964.8882429441258 684.0622763423389
952.4135262330097 712.8896457825364
938.1533400219319 740.8768370508576
922.1639627510076 767.9133974894983
904.5084971874737 793.8926261462366
885.2566213878946 818.7119948743449
864.4843137107057 842.2735529643444
842.2735529643444 864.4843137107057
818.7119948743448 885.2566213878947
793.8926261462366 904.5084971874737
767.9133974894983 922.1639627510076
740.8768370508576 938.1533400219319
712.8896457825363 952.4135262330099
684.0622763423389 964.8882429441258
654.5084971874737 975.5282581475767
624.3449435824274 984.2915805643156
593.6906572928623 991.1436253643444
562.6666167821521 996.0573506572389
531.3952597646567 999.0133642141358
499.99999999999994 1000.0
468.6047402353433 999.0133642141358
437.3333832178478 996.0573506572389
406.3093427071376 991.1436253643443
375.6550564175726 984.2915805643156
345.4915028125262 975.5282581475767
315.937723657661 964.8882429441258
287.1103542174636 952.4135262330097
259.1231629491423 938.1533400219317
232.08660251050156 922.1639627510075
206.10737385376348 904.5084971874737
181.2880051256551 885.2566213878947
157.7264470356556 864.4843137107057
135.5156862892942 842.2735529643443
114.74337861210535 818.7119948743448
95.49150281252633 793.8926261462366
77.83603724899245 767.9133974894983
61.8466599780682 740.8768370508576
47.586473766990196 712.8896457825363
35.11175705587425 684.0622763423389
24.47174185242318 654.5084971874735
15.708419435684448 624.3449435824274
8.85637463565564 593.6906572928623
3.942649342761058 562.666616782152
0.9866357858642232 531.3952597646565
0.0 499.99999999999983
0.9866357858642232 468.60474023534334
3.942649342761058 437.3333832178479
8.856374635655698 406.3093427071376
15.708419435684448 375.6550564175725
24.471741852423236 345.49150281252616
35.111757055874364 315.93772365766085
47.58647376699025 287.1103542174637
61.84665997806826 259.1231629491423
77.83603724899251 232.08660251050162
95.49150281252639 206.1073738537633
114.74337861210546 181.288005125655
135.51568628929425 157.7264470356556
157.72644703565567 135.51568628929425
181.28800512565522 114.74337861210535
206.10737385376336 95.49150281252633
232.08660251050185 77.83603724899234
259.1231629491424 61.8466599780682
287.1103542174639 47.58647376699008
315.9377236576611 35.11175705587425
345.4915028125262 24.471741852423236
375.6550564175728 15.708419435684391
406.3093427071377 8.85637463565564
437.3333832178481 3.942649342761058
468.6047402353434 0.9866357858642232
499.9999999999999 0.0
531.3952597646569 0.9866357858642232
562.6666167821521 3.942649342761058
593.6906572928626 8.856374635655698
624.3449435824275 15.708419435684448
654.5084971874736 24.47174185242318
684.0622763423391 35.111757055874364
712.8896457825363 47.586473766990196
740.8768370508578 61.84665997806832
767.9133974894984 77.83603724899251
793.8926261462368 95.4915028125265
818.711994874345 114.74337861210546
842.2735529643444 135.51568628929425
864.4843137107059 157.72644703565584
885.2566213878947 181.28800512565516
904.508497187474 206.1073738537637
922.1639627510076 232.08660251050185
938.1533400219319 259.12316294914234
952.4135262330099 287.11035421746385
964.8882429441258 315.9377236576611
975.5282581475769 345.4915028125266
984.2915805643156 375.6550564175727
991.1436253643444 406.30934270713766
996.0573506572389 437.3333832178481
999.0133642141358 468.60474023534334
